  0.00    0.00    0.00    0.00    0.00    0.00    0.00    0.00    0.00    0.00    0.00    0.00    0.00    0.00    0.00

  0.00   76.39  145.92  204.50  250.49  283.42  303.19  309.78  303.19  283.42  250.49  204.50  145.92   76.39    0.00

  0.00  140.71  268.77  376.66  461.36  522.02  558.44  570.58  558.44  522.02  461.36  376.66  268.77  140.71    0.00

  0.00  185.76  354.82  497.23  609.05  689.13  737.20  753.23  737.20  689.13  609.05  497.23  354.82  185.76    0.00

  0.00  208.68  398.59  558.58  684.20  774.15  828.16  846.16  828.16  774.15  684.20  558.58  398.59  208.68    0.00

  0.00  208.68  398.59  558.58  684.20  774.15  828.16  846.16  828.16  774.15  684.20  558.58  398.59  208.68    0.00

  0.00  185.76  354.82  497.23  609.05  689.13  737.20  753.23  737.20  689.13  609.05  497.23  354.82  185.76    0.00

  0.00  140.71  268.77  376.66  461.36  522.02  558.44  570.58  558.44  522.02  461.36  376.66  268.77  140.71    0.00

  0.00   76.39  145.92  204.50  250.49  283.42  303.19  309.78  303.19  283.42  250.49  204.50  145.92   76.39    0.00

  0.00    0.00    0.00    0.00    0.00    0.00    0.00    0.00    0.00    0.00    0.00    0.00    0.00    0.00    0.00



// Execution : ./run.sh 10 15 50 0.0002 0.1 24